-2.21668052091992e-001    1.58730158730157e+000    
 5.76336935439180e+000    1.47392290249434e+000
 1.17484067608756e+001    1.47392290249434e+000
 1.77334441673594e+001    1.47392290249434e+000
 2.37184815738432e+001    1.47392290249434e+000
 2.97035189803270e+001    1.47392290249434e+000
 3.56885563868108e+001    1.47392290249434e+000
 4.16735937932945e+001    1.47392290249434e+000
 4.76586311997783e+001    1.47392290249434e+000
 5.36436686062621e+001    1.47392290249434e+000
 5.96287060127459e+001    1.47392290249434e+000
 6.56137434192297e+001    1.47392290249434e+000
 7.15987808257135e+001    1.47392290249434e+000
 7.75838182321973e+001    1.47392290249434e+000
 8.35688556386811e+001    1.36054421768708e+000
 8.95538930451649e+001    1.58730158730157e+000
 9.50955943474647e+001    2.72108843537416e+000
 9.93072873372125e+001    4.87528344671202e+000
 1.02188972014408e+002    7.59637188208617e+000
 1.03740648379052e+002    1.04308390022676e+001
 1.04405652535328e+002    1.33786848072562e+001
 1.04627320587420e+002    1.64399092970521e+001
 1.05292324743696e+002    1.95011337868481e+001
 1.06178996952064e+002    2.25623582766440e+001
 1.06844001108340e+002    2.56235827664399e+001
 1.06844001108340e+002    2.86848072562358e+001
 1.06844001108340e+002    3.17460317460317e+001
 1.07509005264616e+002    3.46938775510204e+001
 1.08174009420892e+002    3.76417233560091e+001
 1.08395677472984e+002    4.07029478458050e+001
 1.08617345525076e+002    4.37641723356009e+001
 1.09282349681352e+002    4.67120181405895e+001
 1.10169021889720e+002    4.96598639455783e+001
 1.11277362150180e+002    5.26077097505669e+001
 1.12607370462732e+002    5.56689342403628e+001
 1.14824050983652e+002    5.87301587301587e+001
 1.18149071765032e+002    6.12244897959183e+001
 1.22804100858964e+002    6.24716553287982e+001
 1.27902466057080e+002    6.20181405895692e+001
 1.32335827098919e+002    6.00907029478458e+001
 1.35882515932391e+002    5.74829931972789e+001
 1.38099196453311e+002    5.46485260770975e+001
 1.39429204765863e+002    5.17006802721089e+001
 1.40315876974231e+002    4.87528344671202e+001
 1.41202549182599e+002    4.58049886621315e+001
 1.42310889443059e+002    4.28571428571429e+001
 1.43419229703519e+002    3.99092970521542e+001
 1.44084233859795e+002    3.69614512471655e+001
 1.44970906068163e+002    3.40136054421769e+001
 1.46300914380715e+002    3.10657596371882e+001
 1.47187586589083e+002    2.81179138321995e+001
 1.47852590745359e+002    2.51700680272109e+001
 1.48960931005819e+002    2.22222222222222e+001
 1.50069271266279e+002    1.92743764172336e+001
 1.51177611526739e+002    1.63265306122449e+001
 1.52064283735107e+002    1.33786848072562e+001
 1.53172623995567e+002    1.04308390022676e+001
 1.53837628151843e+002    7.48299319727892e+000
 1.54502632308119e+002    4.42176870748298e+000
 1.55389304516487e+002    1.47392290249434e+000
 1.56275976724855e+002   -1.47392290249434e+000
 1.56719312829039e+002   -4.53514739229024e+000
 1.56719312829039e+002   -7.59637188208617e+000
 1.56054308672763e+002   -1.06575963718821e+001
 1.55389304516487e+002   -1.36054421768708e+001
 1.54724300360211e+002   -1.66666666666667e+001
 1.53837628151843e+002   -1.96145124716553e+001
 1.52729287891383e+002   -2.25623582766440e+001
 1.51399279578831e+002   -2.56235827664399e+001
 1.49847603214187e+002   -2.85714285714286e+001
 1.48295926849543e+002   -3.14058956916100e+001
 1.46965918536991e+002   -3.42403628117914e+001
 1.45414242172347e+002   -3.69614512471655e+001
 1.43862565807703e+002   -3.97959183673470e+001
 1.42310889443059e+002   -4.27437641723356e+001
 1.41202549182599e+002   -4.56916099773243e+001
 1.39872540870047e+002   -4.86394557823129e+001
 1.38542532557495e+002   -5.14739229024943e+001
 1.37434192297035e+002   -5.45351473922903e+001
 1.36769188140759e+002   -5.75963718820862e+001
 1.36547520088667e+002   -6.06575963718821e+001
 1.36990856192851e+002   -6.37188208616780e+001
 1.37655860349127e+002   -6.66666666666667e+001
 1.38764200609587e+002   -6.97278911564626e+001
 1.40980881130507e+002   -7.25623582766440e+001
 1.44527569963979e+002   -7.51700680272109e+001
 1.49182599057911e+002   -7.69841269841270e+001
 1.54502632308119e+002   -7.73242630385488e+001
 1.59822665558326e+002   -7.61904761904762e+001
 1.64477694652258e+002   -7.41496598639456e+001
 1.68246051537822e+002   -7.17687074829932e+001
 1.70684400110834e+002   -6.90476190476191e+001
 1.72236076475478e+002   -6.60997732426304e+001
 1.73344416735938e+002   -6.30385487528345e+001
 1.74231088944306e+002   -5.99773242630385e+001
 1.75117761152674e+002   -5.70294784580499e+001
 1.76004433361042e+002   -5.39682539682540e+001
 1.76891105569410e+002   -5.10204081632653e+001
 1.77334441673594e+002   -4.80725623582766e+001
 1.77556109725686e+002   -4.50113378684807e+001
 1.77999445829870e+002   -4.19501133786848e+001
 1.78886118038238e+002   -3.90022675736961e+001
 1.79994458298698e+002   -3.60544217687075e+001
 1.81102798559158e+002   -3.31065759637188e+001
 1.82211138819618e+002   -3.01587301587302e+001
 1.83097811027986e+002   -2.72108843537415e+001
 1.83984483236354e+002   -2.42630385487528e+001
 1.85092823496814e+002   -2.13151927437642e+001
 1.86866167913549e+002   -1.84807256235828e+001
 1.88639512330285e+002   -1.56462585034014e+001
 1.90412856747021e+002   -1.26984126984127e+001
 1.92629537267941e+002   -9.75056689342404e+000
 1.95067885840953e+002   -7.02947845804988e+000
 1.97284566361873e+002   -4.30839002267572e+000
 1.99279578830701e+002   -1.47392290249434e+000
 2.01274591299529e+002    1.36054421768708e+000
 2.03491271820449e+002    4.19501133786849e+000
 2.05486284289277e+002    7.02947845804988e+000
 2.07702964810197e+002    9.75056689342404e+000
 2.09697977279025e+002    1.23582766439909e+001
 2.11914657799945e+002    1.49659863945578e+001
 2.14796342477141e+002    1.76870748299320e+001
 2.18564699362704e+002    2.01814058956916e+001
 2.22998060404544e+002    2.19954648526077e+001
 2.28318093654752e+002    2.25623582766440e+001
 2.33859794957052e+002    2.19954648526077e+001
 2.38736492103076e+002    2.04081632653061e+001
 2.42948185092824e+002    1.81405895691610e+001
 2.46051537822111e+002    1.56462585034014e+001
 2.48489886395123e+002    1.28117913832199e+001
 2.50706566916043e+002    9.86394557823130e+000
 2.51814907176503e+002    7.02947845804988e+000
 2.52036575228595e+002    3.96825396825398e+000
 2.52036575228595e+002    9.07029478458043e-001
 2.52258243280687e+002   -2.04081632653060e+000
 2.52479911332779e+002   -5.10204081632654e+000
 2.51814907176503e+002   -8.04988662131518e+000
 2.50484898863951e+002   -1.09977324263039e+001
 2.49154890551399e+002   -1.40589569160998e+001
 2.47603214186755e+002   -1.71201814058957e+001
 2.46051537822111e+002   -2.00680272108843e+001
 2.44943197561651e+002   -2.30158730158730e+001
 2.43613189249099e+002   -2.59637188208617e+001
 2.42283180936548e+002   -2.89115646258503e+001
 2.41174840676088e+002   -3.19727891156463e+001
 2.39844832363536e+002   -3.49206349206349e+001
 2.38293155998892e+002   -3.78684807256236e+001
 2.36741479634248e+002   -4.08163265306122e+001
 2.35189803269604e+002   -4.37641723356009e+001
 2.33638126904960e+002   -4.67120181405896e+001
 2.32529786644500e+002   -4.96598639455782e+001
 2.31643114436132e+002   -5.26077097505669e+001
 2.30756442227764e+002   -5.55555555555556e+001
 2.29648101967304e+002   -5.86167800453515e+001
 2.28761429758936e+002   -6.16780045351474e+001
 2.28983097811028e+002   -6.45124716553288e+001
 2.30091438071488e+002   -6.73469387755102e+001
 2.30978110279856e+002   -7.04081632653061e+001
 2.31643114436132e+002   -7.34693877551020e+001
 2.32751454696592e+002   -7.65306122448980e+001
 2.34524799113328e+002   -7.94784580498866e+001
 2.37184815738432e+002   -8.21995464852608e+001
 2.40066500415628e+002   -8.49206349206349e+001
 2.43391521197007e+002   -8.75283446712018e+001
 2.47824882238847e+002   -8.95691609977324e+001
 2.53144915489055e+002   -9.04761904761905e+001
 2.58908284843447e+002   -9.02494331065760e+001
 2.64449986145747e+002   -8.90022675736961e+001
 2.69105015239679e+002   -8.70748299319728e+001
 2.73095040177334e+002   -8.48072562358277e+001
 2.76198392906622e+002   -8.23129251700680e+001
 2.78415073427542e+002   -7.95918367346939e+001
 2.80410085896370e+002   -7.66439909297052e+001
 2.82626766417290e+002   -7.38095238095238e+001
 2.84400110834026e+002   -7.09750566893424e+001
 2.85730119146578e+002   -6.79138321995465e+001
 2.86838459407038e+002   -6.49659863945578e+001
 2.87725131615406e+002   -6.20181405895692e+001
 2.88833471875866e+002   -5.90702947845805e+001
 2.90606816292602e+002   -5.61224489795918e+001
 2.92380160709338e+002   -5.31746031746032e+001
 2.93931837073982e+002   -5.02267573696145e+001
 2.95261845386534e+002   -4.72789115646258e+001
 2.96813521751178e+002   -4.43310657596372e+001
 2.98143530063730e+002   -4.13832199546485e+001
 2.99473538376282e+002   -3.83219954648526e+001
 3.01025214740925e+002   -3.52607709750567e+001
 3.02576891105569e+002   -3.24263038548753e+001
 3.03906899418121e+002   -2.94784580498866e+001
 3.04793571626489e+002   -2.65306122448980e+001
 3.06345247991133e+002   -2.35827664399093e+001
 3.08118592407869e+002   -2.07482993197279e+001
 3.09670268772513e+002   -1.79138321995465e+001
 3.10556940980881e+002   -1.48526077097506e+001
 3.11443613189249e+002   -1.19047619047619e+001
 3.12773621501801e+002   -8.95691609977325e+000
 3.14546965918537e+002   -6.00907029478458e+000
 3.16098642283181e+002   -3.06122448979590e+000
 3.17650318647825e+002   -2.26757369614518e-001
 3.19866999168745e+002    2.49433106575964e+000
 3.22305347741757e+002    5.10204081632654e+000
 3.25187032418953e+002    7.70975056689343e+000
 3.28733721252424e+002    1.00907029478458e+001
 3.33610418398448e+002    1.17913832199547e+001
 3.39373787752840e+002    1.26984126984127e+001
 3.45358825159324e+002    1.29251700680272e+001
 3.51343862565808e+002    1.25850340136055e+001
 3.56885563868108e+002    1.16780045351474e+001
 3.62427265170407e+002    1.06575963718821e+001
 3.67968966472707e+002    9.52380952380955e+000
 3.73732335827099e+002    8.39002267573696e+000
 3.78830701025215e+002    6.91609977324262e+000
 3.83264062067055e+002    4.98866213151928e+000
 3.87475755056802e+002    2.83446712018142e+000
 3.91687448046550e+002    6.80272108843525e-001
 3.95012468827930e+002   -1.70068027210883e+000
 3.97007481296758e+002   -4.53514739229024e+000
 3.98337489609310e+002   -7.59637188208617e+000
 3.99667497921862e+002   -1.05442176870748e+001
 4.00997506234414e+002   -1.34920634920635e+001
 4.01884178442782e+002   -1.65532879818594e+001
 4.02105846494874e+002   -1.96145124716553e+001
 4.02105846494874e+002   -2.26757369614512e+001
 4.02105846494874e+002   -2.57369614512472e+001
 4.01884178442782e+002   -2.87981859410431e+001
 4.02327514546966e+002   -3.18594104308390e+001
 4.03214186755334e+002   -3.48072562358277e+001
 4.03879190911610e+002   -3.78684807256236e+001
 4.04100858963702e+002   -4.09297052154195e+001
 4.04322527015794e+002   -4.39909297052154e+001
 4.04544195067886e+002   -4.70521541950113e+001
 4.04544195067886e+002   -5.00000000000000e+001
 4.04100858963702e+002   -5.29478458049887e+001
 4.04100858963702e+002   -5.60090702947846e+001
 4.04544195067886e+002   -5.89569160997732e+001
 4.05209199224162e+002   -6.19047619047619e+001
 4.06539207536714e+002   -6.48526077097506e+001
 4.08534220005542e+002   -6.76870748299320e+001
 4.11194236630646e+002   -7.02947845804989e+001
 4.14075921307842e+002   -7.30158730158730e+001
 4.16957605985037e+002   -7.57369614512472e+001
 4.20060958714325e+002   -7.84580498866213e+001
 4.23607647547797e+002   -8.06122448979592e+001
 4.28484344693821e+002   -8.18594104308390e+001
 4.34469382100305e+002   -8.23129251700680e+001
 4.40454419506789e+002   -8.20861678004535e+001
 4.45996120809088e+002   -8.10657596371882e+001
 4.50872817955112e+002   -7.92517006802721e+001
 4.54862842892768e+002   -7.68707482993197e+001
 4.58631199778332e+002   -7.44897959183673e+001
 4.62399556663896e+002   -7.22222222222222e+001
 4.65724577445276e+002   -6.97278911564626e+001
 4.68162926018288e+002   -6.70068027210884e+001
 4.70379606539208e+002   -6.40589569160998e+001
 4.73261291216403e+002   -6.13378684807256e+001
 4.76586311997783e+002   -5.88435374149660e+001
 4.79911332779163e+002   -5.63492063492064e+001
 4.82793017456359e+002   -5.37414965986395e+001
 4.85231366029371e+002   -5.10204081632653e+001
 4.87669714602383e+002   -4.81859410430839e+001
 4.90551399279579e+002   -4.55782312925170e+001
 4.93876420060959e+002   -4.30839002267574e+001
 4.97644776946523e+002   -4.05895691609977e+001
 5.01856469936270e+002   -3.84353741496599e+001
 5.06954835134386e+002   -3.70748299319728e+001
 5.12496536436686e+002   -3.66213151927438e+001
 5.18259905791078e+002   -3.68480725623583e+001
 5.23579939041286e+002   -3.78684807256236e+001
 5.28678304239402e+002   -3.92290249433107e+001
 5.33998337489609e+002   -4.05895691609977e+001
 5.39318370739817e+002   -4.19501133786848e+001
 5.44416735937933e+002   -4.34240362811791e+001
 5.49293433083957e+002   -4.50113378684807e+001
 5.54613466334165e+002   -4.64852607709751e+001
 5.59933499584372e+002   -4.77324263038549e+001
 5.65475200886672e+002   -4.87528344671202e+001
 5.71016902188972e+002   -4.96598639455782e+001
 5.77001939595456e+002   -5.03401360544218e+001
 5.82986977001940e+002   -5.05668934240363e+001
 5.88972014408423e+002   -5.05668934240363e+001
 5.94957051814907e+002   -5.03401360544218e+001
 6.00720421169299e+002   -4.98866213151927e+001
 6.06705458575783e+002   -4.95464852607710e+001
 6.12690495982267e+002   -4.94331065759637e+001
 6.18675533388750e+002   -4.93197278911565e+001
 6.24660570795234e+002   -4.93197278911565e+001
 6.30423940149626e+002   -4.98866213151927e+001
 6.35743973399834e+002   -5.10204081632653e+001
 6.40842338597949e+002   -5.27210884353742e+001
 6.45719035743973e+002   -5.46485260770975e+001
 6.49487392629537e+002   -5.70294784580499e+001
 6.52147409254641e+002   -5.97505668934240e+001
 6.54585757827653e+002   -6.25850340136055e+001
 6.56802438348573e+002   -6.53061224489796e+001
 6.58797450817401e+002   -6.81405895691610e+001
 6.60792463286229e+002   -7.09750566893424e+001
 6.62787475755057e+002   -7.38095238095238e+001
 6.64782488223885e+002   -7.67573696145125e+001
 6.66334164588529e+002   -7.97052154195011e+001
 6.67885840953173e+002   -8.26530612244898e+001
 6.70102521474093e+002   -8.54875283446712e+001
 6.72540870047104e+002   -8.82086167800454e+001
 6.74535882515932e+002   -9.10430839002268e+001
 6.76530894984760e+002   -9.39909297052154e+001
 6.78969243557772e+002   -9.68253968253968e+001
 6.82072596287060e+002   -9.94331065759637e+001
 6.85397617068440e+002   -1.01927437641723e+002
 6.89165973954004e+002   -1.04308390022676e+002
 6.93821003047936e+002   -1.06235827664399e+002
 6.98919368246051e+002   -1.07823129251701e+002
 7.04682737600443e+002   -1.08503401360544e+002
 7.10446106954835e+002   -1.08390022675737e+002
 7.16209476309227e+002   -1.07709750566893e+002
 7.22194513715711e+002   -1.07029478458050e+002
 7.28179551122195e+002   -1.06349206349206e+002
 7.33721252424494e+002   -1.05555555555556e+002
 7.39262953726794e+002   -1.04648526077098e+002
 7.44804655029094e+002   -1.03854875283447e+002
 7.50568024383486e+002   -1.02834467120181e+002
 7.55666389581602e+002   -1.01247165532880e+002